start=1320.383000
pause=yes
volume=70.000000
sub-pos=96
